
0: 0.38280001282691956 False 302.237508058548 278298 0 0.28148001432418823|0.38280001282691956
1: 0.3742000162601471 False 12.566497802734375 14826 0 0.3205600082874298|0.3742000162601471
2: 0.08500000089406967 False 7.917747974395752 40 0 0.08038000762462616|0.08500000089406967
3: 0.4918000102043152 False 122.87547302246094 149802 0 0.41628003120422363|0.4918000102043152
4: 0.16850000619888306 False 17.18698811531067 20608 0 0.15620000660419464|0.16850000619888306
5: 0.4385000169277191 False 7.08193302154541 41178 0 0.3744400143623352|0.4385000169277191
6: 0.3856000304222107 False 18.787671089172363 657162 0 0.3708600103855133|0.3856000304222107
7: 0.3346000015735626 False 23.824618101119995 10266 0 0.2683800160884857|0.3346000015735626
8: 0.1811000108718872 False 15.161875009536743 3978 0 0.14658001065254211|0.1811000108718872
9: 0.10000000149011612 False 20.643810987472534 8394698 0 0.09972000867128372|0.10000000149011612
10: 0.07650000602006912 False 14.367959976196289 40 0 0.07990000396966934|0.07650000602006912
11: 0.21320000290870667 False 14.117963075637817 78090 0 0.1589600145816803|0.21320000290870667
12: 0.20100000500679016 False 24.498245000839233 1312522 0 0.17600001394748688|0.20100000500679016
13: 0.27790001034736633 False 262.04871010780334 741290 0 0.21876001358032227|0.27790001034736633
14: 0.48190003633499146 False 14.52322769165039 122618 0 0.41662001609802246|0.48190003633499146
15: 0.26820001006126404 False 7.247445821762085 18442 0 0.22394001483917236|0.26820001006126404
16: 0.387800008058548 False 14.68601679801941 87517 0 0.32340002059936523|0.387800008058548
17: 0.5375000238418579 False 33.84532594680786 87082 0 0.4443800151348114|0.5375000238418579
18: 0.525700032711029 False 10.007223129272461 329482 0 0.45548003911972046|0.525700032711029
19: 0.396200031042099 False 133.96346473693848 79114 0 0.3340800106525421|0.396200031042099
20: 0.07740000635385513 False 13.868812084197998 40 0 0.08420000225305557|0.07740000635385513
21: 0.10080000758171082 False 12.372869729995728 70 0 0.09034000337123871|0.10080000758171082
22: 0.3541000187397003 False 66.1937530040741 74093 0 0.2871600091457367|0.3541000187397003
23: 0 False 0 0 0 |
24: 0.41290003061294556 False 14.45266580581665 346458 0 0.3776000142097473|0.41290003061294556
25: 0.31230002641677856 False 6.692506790161133 7690 0 0.26858001947402954|0.31230002641677856
26: 0.44350001215934753 False 12.982322931289673 22218 0 0.3632800281047821|0.44350001215934753
27: 0.32330000400543213 False 23.13253664970398 111178 0 0.273140013217926|0.32330000400543213
28: 0.3775000274181366 False 219.2674798965454 5370058 0 0.28522002696990967|0.3775000274181366
29: 0.3002000153064728 False 7.27043080329895 1930 0 0.23712001740932465|0.3002000153064728
30: 0.2826000154018402 False 7.56308913230896 989 0 0.2087000161409378|0.2826000154018402
31: 0.10000000149011612 False 12.712926864624023 49338 0 0.09814000874757767|0.10000000149011612
32: 0.10000000149011612 False 305.64649176597595 2694394 0 0.09824000298976898|0.10000000149011612
33: 0.3979000151157379 False 52.20665121078491 34317 0 0.3464600145816803|0.3979000151157379
34: 0.10000000149011612 False 29.95883798599243 6294314 0 0.0996600091457367|0.10000000149011612
35: 0.49470001459121704 False 20.23824191093445 48602 0 0.4077800214290619|0.49470001459121704
36: 0.29280000925064087 False 24.731464862823486 312717 0 0.20080001652240753|0.29280000925064087
37: 0.4183000326156616 False 256.8715250492096 5295309 0 0.31662002205848694|0.4183000326156616
38: 0.4402000308036804 False 72.97468900680542 168336 0 0.3889000117778778|0.4402000308036804
39: 0.10000000149011612 False 59.17863607406616 1349418 0 0.09578000754117966|0.10000000149011612
40: 0.27090001106262207 False 12.907512903213501 3776 0 0.2322000116109848|0.27090001106262207
41: 0.08020000159740448 False 8.563945055007935 40 0 0.0873200073838234|0.08020000159740448
42: 0.1527000069618225 False 7.59070086479187 234 0 0.14128001034259796|0.1527000069618225
43: 0.2653000056743622 False 8.231100082397461 41178 0 0.1927800178527832|0.2653000056743622
44: 0.10000000149011612 False 36.81893014907837 3148458 0 0.09832000732421875|0.10000000149011612